Traj: (688, 557), (679, 547), (670, 537), (651, 519), (632, 500), (613, 481), (595, 459), (580, 436), (568, 412), (560, 383), (556, 354), (553, 328), (550, 301), (543, 274), (527, 245), (506, 219), (476, 196), (440, 178), (402, 168), (365, 174), (327, 184), (290, 194), (251, 204), (217, 211), (182, 209), (148, 203), (118, 194), (95, 181), (72, 168), (54, 152), (38, 132), (27, 112), (20, 102), (15, 89)
Traj: (693, 565), (686, 556), (674, 544), (649, 519), (626, 492), (603, 462), (581, 431), (567, 400), (559, 371), (553, 340), (548, 311), (543, 284), (536, 260), (528, 237), (517, 219), (503, 203), (483, 190), (458, 178), (431, 172), (403, 168), (373, 168), (348, 173), (326, 181), (305, 190), (283, 200), (262, 209), (238, 213), (216, 215), (190, 213), (157, 205), (126, 193), (94, 173), (62, 151), (36, 122), (26, 108), (17, 91)
Traj: (678, 545), (665, 532), (654, 522), (632, 500), (612, 480), (595, 459), (581, 436), (569, 412), (563, 387), (558, 355), (551, 323), (547, 294), (540, 265), (530, 237), (511, 215), (484, 196), (452, 181), (420, 171), (385, 166), (354, 169), (331, 178), (308, 188), (283, 198), (252, 206), (221, 211), (189, 209), (157, 204), (124, 195), (98, 179), (73, 161), (50, 139), (31, 115), (22, 101), (14, 89)
Traj: (694, 565), (685, 554), (672, 542), (651, 519), (627, 495), (605, 469), (585, 441), (571, 411), (562, 381), (557, 350), (553, 317), (547, 288), (537, 259), (523, 233), (506, 209), (480, 190), (446, 177), (413, 171), (378, 169), (345, 175), (317, 184), (295, 194), (264, 203), (230, 207), (192, 206), (155, 201), (116, 192), (91, 180), (69, 168), (54, 153), (40, 135), (28, 115), (19, 93), (15, 82), (9, 70)
Traj: (698, 567), (691, 558), (681, 547), (661, 527), (641, 505), (620, 484), (600, 461), (585, 439), (573, 417), (566, 392), (560, 366), (556, 341), (551, 315), (546, 287), (537, 263), (527, 240), (512, 220), (496, 199), (474, 185), (448, 174), (422, 167), (391, 165), (360, 171), (330, 179), (296, 192), (254, 201), (216, 205), (173, 203), (131, 196), (97, 182), (72, 167), (51, 148), (36, 128), (25, 102), (19, 90), (14, 76)
Traj: (689, 557), (681, 547), (673, 538), (655, 523), (639, 506), (623, 489), (605, 474), (590, 455), (579, 433), (569, 411), (562, 385), (558, 355), (554, 327), (549, 300), (542, 270), (529, 242), (511, 218), (488, 197), (459, 178), (428, 169), (395, 166), (364, 171), (333, 179), (302, 191), (273, 200), (247, 209), (219, 213), (185, 211), (150, 201), (116, 188), (84, 170), (52, 144), (31, 117), (23, 106), (15, 90)
Traj: (692, 562), (682, 550), (671, 540), (649, 520), (629, 498), (609, 476), (592, 454), (578, 429), (568, 405), (561, 377), (556, 349), (553, 323), (548, 295), (539, 267), (527, 242), (510, 218), (489, 198), (468, 182), (437, 173), (407, 168), (377, 170), (347, 175), (317, 185), (294, 195), (268, 203), (240, 210), (211, 213), (177, 208), (143, 200), (114, 190), (88, 177), (64, 158), (47, 141), (33, 121), (21, 98), (16, 87), (11, 76)
Traj: (676, 542), (659, 526), (646, 513), (622, 488), (602, 464), (583, 441), (572, 421), (565, 400), (560, 372), (555, 344), (551, 313), (545, 282), (536, 251), (522, 228), (503, 205), (475, 188), (441, 176), (406, 170), (371, 171), (336, 178), (309, 189), (284, 199), (257, 208), (227, 212), (198, 211), (166, 205), (133, 196), (101, 183), (76, 165), (49, 135), (37, 123), (27, 107)
Traj: (681, 555), (670, 542), (655, 527), (631, 502), (608, 475), (589, 448), (573, 422), (565, 400), (561, 376), (557, 354), (555, 332), (552, 311), (547, 288), (540, 266), (528, 242), (509, 218), (487, 197), (462, 180), (435, 168), (408, 163), (381, 164), (357, 169), (333, 178), (308, 187), (284, 198), (251, 205), (213, 206), (174, 203), (137, 196), (101, 185), (78, 172), (60, 157), (42, 136), (29, 110), (23, 97), (16, 84)
Traj: (694, 562), (686, 551), (676, 541), (655, 523), (638, 505), (619, 486), (601, 468), (586, 447), (573, 425), (564, 400), (559, 377), (555, 353), (552, 330), (549, 304), (543, 279), (535, 256), (523, 233), (506, 209), (487, 193), (465, 180), (437, 170), (407, 166), (378, 167), (350, 172), (312, 184), (278, 194), (246, 202), (214, 210), (175, 209), (147, 202), (120, 193), (92, 177), (65, 155), (45, 126), (34, 111), (24, 92)
Traj: (699, 570), (692, 562), (683, 552), (667, 535), (647, 517), (628, 497), (608, 475), (592, 453), (578, 429), (569, 404), (562, 377), (559, 349), (553, 321), (547, 290), (538, 263), (522, 233), (497, 208), (469, 187), (438, 173), (407, 165), (378, 164), (353, 170), (326, 180), (300, 191), (259, 199), (217, 203), (174, 201), (135, 194), (96, 182), (73, 167), (52, 143), (37, 116), (29, 101), (21, 84)
Traj: (690, 558), (682, 549), (672, 538), (650, 517), (629, 494), (608, 471), (589, 447), (574, 423), (565, 398), (559, 376), (556, 349), (551, 322), (547, 293), (539, 266), (528, 240), (510, 215), (489, 195), (458, 180), (426, 171), (392, 165), (363, 169), (334, 177), (303, 189), (267, 197), (222, 201), (177, 202), (130, 194), (95, 177), (64, 157), (43, 132), (29, 105), (21, 90), (15, 76)
Traj: (703, 574), (695, 564), (686, 553), (663, 532), (639, 509), (617, 485), (596, 460), (579, 434), (569, 409), (563, 380), (558, 348), (554, 318), (547, 287), (537, 258), (521, 230), (501, 207), (471, 188), (439, 175), (402, 168), (368, 171), (328, 180), (295, 191), (258, 202), (223, 208), (189, 210), (160, 206), (132, 200), (109, 191), (88, 181), (71, 168), (55, 152), (39, 132), (32, 123), (26, 112)
Traj: (699, 570), (690, 562), (681, 551), (662, 530), (639, 509), (617, 486), (598, 462), (580, 438), (569, 415), (561, 391), (557, 367), (554, 344), (552, 322), (547, 299), (540, 272), (528, 246), (511, 220), (492, 196), (469, 179), (444, 169), (419, 165), (393, 164), (366, 168), (342, 174), (320, 184), (297, 193), (274, 204), (247, 211), (219, 214), (191, 214), (163, 210), (138, 203), (117, 195), (96, 186), (76, 171), (58, 154), (41, 133), (32, 122), (23, 109)
Traj: (688, 560), (679, 548), (669, 538), (647, 516), (627, 495), (609, 475), (592, 452), (578, 429), (567, 404), (561, 378), (557, 352), (551, 324), (545, 295), (536, 266), (521, 238), (503, 211), (480, 192), (451, 178), (420, 170), (389, 167), (359, 171), (328, 181), (297, 193), (262, 201), (230, 208), (197, 212), (164, 208), (134, 199), (109, 189), (84, 174), (63, 157), (43, 133), (29, 108), (21, 93), (15, 79)
Traj: (702, 569), (693, 562), (686, 553), (670, 537), (653, 522), (637, 505), (619, 487), (600, 468), (585, 447), (573, 419), (562, 390), (557, 359), (553, 329), (549, 300), (544, 276), (534, 251), (513, 225), (488, 202), (457, 185), (424, 171), (391, 165), (365, 166), (342, 171), (321, 179), (299, 190), (278, 199), (249, 208), (217, 211), (182, 210), (150, 203), (117, 193), (84, 166), (57, 134), (43, 119), (27, 97)
Traj: (697, 567), (685, 554), (671, 540), (648, 516), (623, 489), (601, 463), (583, 437), (570, 411), (561, 376), (555, 342), (548, 308), (540, 274), (531, 244), (517, 222), (499, 202), (478, 187), (452, 176), (424, 170), (393, 167), (365, 171), (337, 178), (311, 187), (284, 196), (257, 206), (230, 212), (202, 212), (176, 210), (153, 205), (129, 197), (107, 188), (85, 178), (67, 165), (50, 149), (35, 129), (24, 104), (20, 90), (14, 76)
Traj: (691, 563), (685, 553), (678, 545), (659, 526), (640, 506), (619, 484), (598, 462), (581, 437), (568, 413), (561, 390), (557, 368), (554, 345), (551, 322), (548, 299), (543, 276), (536, 252), (523, 230), (507, 210), (488, 193), (455, 180), (418, 173), (380, 175), (339, 182), (294, 193), (256, 203), (221, 210), (189, 210), (157, 207), (133, 199), (110, 189), (86, 174), (62, 153), (40, 128), (28, 115), (15, 97)
Traj: (691, 563), (683, 553), (675, 544), (657, 526), (639, 507), (620, 486), (601, 462), (584, 437), (569, 409), (561, 381), (557, 353), (553, 325), (548, 295), (538, 265), (525, 237), (505, 211), (475, 191), (441, 177), (408, 170), (374, 166), (344, 171), (321, 180), (300, 189), (279, 200), (258, 209), (230, 212), (197, 210), (163, 204), (128, 193), (95, 178), (64, 156), (42, 132), (31, 121), (20, 105)
Traj: (686, 557), (676, 544), (665, 534), (642, 512), (622, 491), (604, 471), (588, 451), (576, 429), (566, 406), (561, 383), (557, 354), (551, 326), (546, 296), (538, 265), (526, 237), (506, 213), (482, 193), (454, 178), (423, 170), (389, 167), (358, 174), (329, 182), (298, 194), (266, 205), (237, 212), (207, 214), (173, 212), (143, 204), (114, 192), (88, 177), (64, 157), (45, 134), (29, 111), (21, 98), (14, 84)
Traj: (694, 562), (686, 553), (679, 543), (658, 525), (640, 507), (620, 488), (601, 465), (584, 440), (571, 415), (562, 390), (558, 364), (554, 342), (551, 321), (546, 295), (539, 268), (526, 243), (512, 219), (490, 198), (465, 183), (434, 175), (400, 171), (365, 173), (335, 180), (307, 189), (278, 198), (250, 207), (222, 210), (186, 207), (149, 201), (117, 190), (89, 174), (57, 149), (38, 120), (28, 105), (20, 87)
Traj: (700, 570), (692, 561), (679, 548), (656, 528), (630, 502), (607, 472), (586, 443), (572, 417), (563, 391), (559, 366), (556, 343), (552, 319), (548, 295), (541, 270), (532, 247), (516, 222), (492, 201), (463, 183), (430, 172), (395, 166), (363, 169), (338, 176), (315, 185), (294, 195), (270, 205), (240, 210), (204, 210), (168, 205), (131, 195), (98, 183), (74, 169), (52, 149), (35, 126), (24, 100), (18, 87), (11, 70)
Traj: (684, 549), (672, 536), (659, 526), (635, 501), (613, 479), (594, 455), (579, 431), (569, 405), (561, 379), (558, 355), (555, 330), (551, 306), (546, 283), (538, 260), (528, 238), (514, 219), (496, 202), (475, 187), (451, 176), (423, 170), (393, 167), (363, 170), (337, 179), (309, 189), (285, 199), (254, 208), (215, 209), (174, 204), (136, 196), (98, 184), (70, 168), (54, 151), (37, 131), (25, 108), (19, 95), (12, 82)
Traj: (688, 557), (678, 546), (668, 536), (647, 516), (629, 497), (612, 479), (596, 462), (584, 444), (574, 424), (566, 399), (560, 372), (555, 344), (551, 317), (548, 291), (543, 271), (536, 250), (526, 231), (512, 212), (495, 196), (475, 182), (455, 172), (433, 164), (409, 162), (381, 164), (351, 172), (316, 184), (280, 196), (242, 205), (208, 211), (173, 209), (142, 201), (113, 191), (87, 176), (62, 157), (42, 135), (28, 109), (21, 94), (13, 79)
Traj: (690, 559), (679, 547), (669, 537), (647, 516), (630, 498), (613, 481), (597, 465), (585, 446), (574, 427), (567, 407), (561, 385), (558, 361), (555, 338), (552, 315), (546, 289), (539, 265), (530, 242), (507, 216), (475, 195), (444, 181), (410, 172), (374, 168), (348, 172), (324, 181), (293, 191), (255, 199), (218, 205), (180, 207), (144, 201), (116, 192), (92, 177), (69, 159), (46, 136), (28, 111), (18, 96), (10, 83)
Traj: (699, 566), (688, 553), (676, 542), (653, 519), (630, 494), (606, 464), (587, 436), (572, 405), (562, 376), (555, 348), (552, 323), (548, 298), (540, 273), (532, 249), (520, 227), (504, 206), (485, 190), (457, 177), (427, 171), (393, 169), (360, 175), (327, 182), (298, 195), (268, 204), (241, 211), (214, 213), (185, 212), (159, 206), (134, 198), (111, 189), (88, 178), (67, 159), (46, 137), (31, 111), (21, 96), (12, 78)
Traj: (686, 556), (676, 543), (665, 533), (644, 512), (626, 493), (607, 474), (591, 456), (579, 435), (568, 412), (561, 387), (556, 360), (553, 334), (548, 307), (542, 279), (534, 253), (517, 227), (495, 203), (467, 185), (438, 173), (403, 166), (373, 168), (346, 175), (321, 184), (297, 194), (271, 203), (243, 210), (215, 212), (183, 210), (151, 204), (125, 196), (100, 185), (77, 172), (59, 157), (42, 136), (28, 111), (21, 99), (15, 83)
Traj: (676, 542), (663, 531), (652, 520), (625, 492), (604, 467), (587, 442), (573, 416), (562, 383), (558, 353), (553, 323), (546, 293), (537, 261), (526, 237), (508, 213), (485, 195), (459, 179), (431, 169), (400, 165), (373, 166), (348, 171), (319, 181), (289, 192), (258, 202), (226, 209), (189, 210), (157, 204), (127, 193), (98, 179), (72, 160), (50, 134), (37, 122), (27, 107)
Traj: (681, 546), (669, 533), (658, 523), (631, 498), (612, 477), (595, 455), (580, 434), (569, 412), (563, 389), (558, 368), (554, 343), (550, 316), (546, 288), (537, 261), (525, 235), (510, 212), (486, 195), (458, 181), (426, 173), (393, 169), (360, 172), (334, 180), (307, 190), (280, 199), (246, 205), (207, 206), (168, 203), (130, 195), (98, 183), (74, 168), (56, 151), (39, 129), (25, 101), (19, 88), (13, 74)
Traj: (689, 561), (681, 551), (671, 540), (649, 518), (627, 496), (607, 474), (589, 451), (575, 429), (566, 406), (561, 381), (556, 352), (551, 323), (545, 294), (537, 265), (525, 238), (510, 214), (488, 194), (462, 178), (432, 168), (396, 165), (362, 171), (332, 180), (301, 191), (270, 202), (242, 209), (200, 206), (158, 200), (120, 189), (86, 174), (57, 153), (40, 134), (29, 111), (21, 87), (15, 73), (10, 62)
Traj: (692, 560), (682, 551), (673, 541), (653, 523), (632, 501), (612, 479), (594, 455), (580, 431), (568, 407), (563, 385), (559, 364), (555, 342), (551, 319), (546, 293), (538, 267), (525, 239), (506, 213), (473, 191), (439, 178), (401, 170), (363, 174), (325, 184), (293, 196), (254, 204), (218, 209), (183, 208), (151, 203), (120, 192), (97, 182), (75, 168), (55, 151), (36, 128), (28, 118), (20, 104)
Traj: (693, 569), (684, 559), (675, 548), (656, 529), (637, 510), (618, 490), (599, 467), (583, 441), (570, 410), (559, 378), (549, 340), (539, 304), (524, 268), (506, 237), (483, 209), (457, 190), (425, 178), (395, 176), (353, 181), (312, 190), (262, 197), (216, 201), (170, 202), (135, 195), (101, 185), (79, 174), (60, 162), (42, 146), (33, 139), (26, 130)
Traj: (657, 525), (640, 509), (623, 490), (593, 454), (566, 414), (551, 380), (542, 342), (540, 305), (541, 272), (550, 238), (560, 202), (570, 171), (585, 142), (603, 116), (620, 94), (638, 74), (656, 54), (664, 46), (671, 35)
Traj: (663, 530), (642, 512), (627, 494), (596, 461), (570, 427), (556, 401), (547, 371), (538, 343), (530, 310), (522, 279), (509, 250), (489, 226), (464, 208), (433, 195), (398, 190), (365, 187), (336, 191), (310, 196), (288, 220), (273, 248), (260, 286), (249, 329), (241, 374), (238, 409), (229, 449), (219, 483), (206, 517), (200, 536), (190, 555)
Traj: (673, 545), (662, 532), (650, 520), (625, 495), (606, 471), (587, 446), (568, 418), (555, 389), (544, 359), (535, 329), (526, 294), (514, 262), (492, 236), (465, 214), (436, 196), (406, 191), (376, 188), (345, 195), (313, 216), (287, 254), (267, 298), (253, 346), (254, 390), (271, 427), (301, 452), (337, 470), (385, 485), (443, 500), (494, 508), (535, 517), (576, 527), (607, 540), (618, 545), (630, 551)
Traj: (700, 568), (691, 561), (685, 553), (666, 535), (647, 516), (627, 496), (607, 475), (590, 453), (577, 431), (568, 407), (563, 381), (559, 355), (555, 329), (551, 305), (545, 280), (537, 257), (522, 233), (503, 210), (471, 190), (436, 178), (397, 170), (363, 172), (328, 179), (296, 190), (258, 199), (214, 201), (169, 199), (125, 191), (91, 178), (59, 150), (41, 121), (31, 106), (21, 87)
Traj: (677, 549), (656, 528), (640, 511), (610, 475), (583, 431), (566, 393), (554, 358), (544, 322), (526, 279), (506, 247), (477, 218), (445, 193), (407, 176), (361, 180), (316, 187), (272, 196), (228, 205), (184, 209), (153, 205), (122, 198), (96, 188), (73, 174), (51, 151), (41, 142), (33, 131)
Traj: (679, 545), (665, 534), (650, 521), (624, 495), (598, 465), (572, 425), (554, 383), (545, 341), (542, 302), (545, 259), (552, 226), (562, 195), (571, 164), (587, 135), (603, 113), (612, 101), (622, 90)
Traj: (663, 530), (645, 513), (631, 499), (597, 460), (573, 424), (557, 391), (543, 358), (532, 323), (526, 296), (517, 269), (507, 245), (492, 225), (468, 209), (433, 197), (397, 193), (353, 198), (314, 208), (284, 228), (265, 259), (250, 304), (243, 349), (237, 399), (229, 447), (216, 495), (211, 515), (203, 535)
Traj: (703, 572), (683, 552), (655, 516), (617, 466), (583, 414), (552, 360), (531, 314), (524, 285), (512, 257), (494, 234), (470, 215), (442, 201), (410, 191), (379, 190), (349, 192), (316, 203), (289, 223), (267, 251), (254, 289), (247, 331), (250, 367), (258, 401), (273, 434), (300, 458), (333, 474), (381, 487), (431, 496), (481, 504), (525, 511), (566, 522), (594, 535), (610, 542), (625, 549)
Traj: (696, 560), (685, 549), (673, 538), (651, 518), (628, 496), (610, 478), (594, 458), (582, 438), (570, 414), (564, 388), (559, 361), (556, 334), (551, 306), (546, 281), (537, 256), (525, 233), (508, 212), (487, 194), (458, 179), (428, 171), (395, 168), (364, 170), (333, 178), (307, 189), (278, 201), (251, 209), (222, 214), (190, 213), (160, 207), (133, 199), (108, 188), (83, 173), (60, 144), (48, 134), (37, 118)
Traj: (683, 560), (676, 550), (665, 538), (641, 513), (618, 484), (596, 454), (575, 422), (559, 383), (543, 334), (526, 289), (506, 247), (475, 208), (428, 187), (380, 187), (329, 191), (273, 199), (224, 208), (185, 208), (148, 202), (114, 192), (84, 177), (57, 155), (45, 146), (33, 135)
Traj: (674, 540), (656, 525), (643, 512), (616, 483), (592, 457), (569, 426), (554, 394), (547, 350), (547, 303), (551, 256), (560, 211), (572, 171), (584, 143), (597, 120), (612, 103), (628, 85), (638, 76), (647, 69)
Traj: (605, 468), (588, 436), (575, 406), (549, 355), (527, 306), (514, 265), (496, 235), (472, 217), (443, 203), (399, 196), (353, 199), (314, 211), (283, 227), (260, 251), (252, 279), (248, 313), (244, 351), (241, 389), (236, 425), (230, 461), (221, 491), (211, 519), (206, 533), (199, 548)
Traj: (671, 543), (653, 524), (636, 503), (603, 467), (575, 414), (551, 362), (531, 312), (510, 267), (487, 227), (464, 209), (437, 199), (407, 191), (380, 189), (351, 191), (323, 195), (300, 206), (278, 223), (260, 245), (249, 269), (242, 295), (241, 326), (244, 358), (253, 390), (268, 419), (287, 447), (318, 467), (353, 481), (393, 490), (431, 495), (473, 500), (505, 506), (537, 514), (565, 523), (593, 534), (617, 546), (630, 551), (642, 559)
Traj: (697, 566), (687, 555), (677, 544), (656, 525), (635, 503), (616, 483), (598, 464), (584, 445), (574, 423), (565, 401), (560, 378), (556, 349), (550, 316), (542, 285), (533, 255), (514, 223), (492, 200), (467, 184), (440, 172), (412, 164), (390, 165), (366, 167), (337, 177), (301, 189), (264, 199), (217, 203), (171, 205), (133, 198), (102, 185), (73, 170), (56, 154), (47, 147), (38, 137)
Traj: (679, 551), (667, 539), (652, 523), (623, 493), (599, 458), (580, 425), (564, 391), (550, 347), (531, 299), (506, 257), (470, 220), (429, 188), (386, 177), (349, 178), (318, 185), (292, 193), (261, 203), (230, 206), (196, 207), (158, 203), (120, 194), (90, 179), (63, 162), (43, 143), (27, 123), (19, 111), (14, 102)
Traj: (671, 542), (658, 530), (645, 519), (621, 495), (597, 469), (577, 441), (560, 414), (549, 385), (541, 356), (541, 319), (545, 280), (552, 240), (563, 199), (584, 154), (605, 120), (628, 90), (642, 72), (659, 55)
Traj: (692, 557), (677, 542), (664, 530), (636, 502), (607, 468), (582, 434), (563, 398), (545, 359), (532, 322), (523, 290), (514, 260), (499, 236), (482, 216), (450, 203), (414, 195), (374, 192), (335, 198), (298, 221), (275, 263), (257, 311), (244, 364), (232, 424), (222, 472), (211, 507), (206, 526), (197, 549)
Traj: (680, 553), (668, 540), (657, 528), (632, 503), (614, 482), (597, 462), (581, 440), (567, 419), (555, 394), (543, 359), (531, 319), (516, 280), (498, 245), (478, 217), (453, 203), (427, 195), (398, 192), (368, 191), (333, 202), (301, 221), (274, 251), (257, 287), (246, 331), (251, 370), (261, 405), (279, 434), (303, 461), (340, 478), (386, 489), (437, 499), (488, 506), (538, 517), (581, 529), (599, 537), (617, 545)
Traj: (684, 557), (673, 543), (663, 534), (642, 513), (622, 492), (603, 470), (589, 450), (576, 428), (566, 405), (561, 380), (557, 351), (551, 320), (545, 291), (537, 261), (521, 231), (502, 208), (477, 190), (449, 176), (419, 167), (390, 165), (361, 170), (333, 178), (306, 189), (280, 198), (247, 207), (213, 208), (179, 205), (147, 199), (114, 191), (89, 176), (64, 155), (43, 132), (27, 105), (17, 88), (8, 71)
Traj: (662, 535), (640, 511), (625, 493), (597, 455), (567, 395), (547, 343), (532, 297), (512, 250), (487, 207), (461, 192), (428, 181), (391, 177), (356, 180), (311, 190), (265, 199), (218, 203), (173, 202), (131, 197), (100, 186), (71, 168), (59, 160), (48, 153)
Traj: (677, 545), (660, 529), (644, 515), (618, 489), (590, 452), (566, 415), (552, 376), (547, 324), (548, 268), (557, 221), (568, 177), (584, 140), (599, 118), (615, 99), (635, 78), (645, 70), (655, 61)
Traj: (689, 551), (677, 539), (665, 527), (641, 505), (611, 467), (587, 431), (565, 392), (547, 353), (531, 312), (521, 281), (505, 251), (482, 228), (454, 208), (411, 196), (368, 193), (329, 199), (298, 209), (270, 224), (260, 244), (254, 267), (250, 298), (245, 333), (240, 378), (233, 423), (221, 476), (215, 500), (209, 527)
Traj: (677, 552), (666, 540), (656, 530), (629, 500), (607, 474), (588, 446), (568, 413), (551, 379), (541, 345), (531, 309), (521, 274), (502, 246), (479, 222), (449, 207), (408, 198), (366, 196), (332, 201), (299, 212), (271, 233), (257, 263), (250, 303), (249, 343), (254, 381), (267, 417), (286, 446), (310, 464), (356, 480), (405, 493), (454, 503), (502, 509), (548, 518), (575, 527), (599, 537), (612, 541), (625, 547)
Traj: (693, 563), (685, 553), (674, 542), (649, 516), (624, 486), (602, 456), (580, 424), (564, 394), (558, 368), (554, 344), (549, 316), (545, 289), (535, 260), (520, 232), (499, 205), (468, 188), (434, 175), (399, 169), (365, 169), (334, 177), (303, 189), (265, 198), (219, 201), (172, 198), (124, 189), (85, 171), (56, 150), (39, 128), (26, 103), (21, 90), (16, 76)
Traj: (691, 560), (673, 543), (659, 529), (630, 500), (603, 471), (583, 442), (569, 411), (553, 365), (541, 320), (527, 276), (502, 235), (468, 202), (434, 188), (398, 179), (360, 175), (330, 181), (297, 190), (260, 199), (220, 203), (174, 202), (126, 191), (85, 162), (64, 149), (41, 132)
Traj: (672, 539), (657, 525), (644, 514), (615, 486), (589, 455), (571, 429), (555, 399), (545, 362), (541, 324), (543, 286), (549, 250), (559, 208), (572, 171), (586, 140), (604, 114), (622, 90), (632, 82), (641, 74)
Traj: (697, 563), (670, 537), (647, 510), (612, 461), (577, 402), (543, 342), (525, 293), (507, 252), (484, 222), (458, 205), (430, 194), (393, 189), (360, 189), (330, 195), (303, 206), (280, 228), (266, 260), (253, 305), (244, 351), (238, 398), (231, 438), (222, 475), (216, 500), (212, 513), (207, 526)
Traj: (687, 555), (671, 539), (659, 526), (632, 499), (605, 470), (584, 440), (566, 411), (550, 379), (539, 346), (529, 309), (515, 276), (496, 246), (473, 222), (443, 203), (409, 191), (375, 191), (340, 199), (305, 218), (276, 245), (254, 279), (244, 316), (244, 355), (254, 388), (268, 418), (286, 445), (316, 467), (349, 479), (382, 485), (419, 491), (458, 497), (500, 507), (541, 521), (583, 536), (606, 545), (634, 557)
Traj: (690, 562), (684, 553), (676, 543), (658, 526), (639, 507), (621, 486), (602, 465), (587, 444), (573, 419), (566, 395), (560, 371), (555, 347), (552, 324), (550, 301), (544, 279), (535, 257), (518, 230), (489, 206), (454, 188), (416, 175), (377, 167), (347, 172), (320, 180), (297, 190), (261, 198), (223, 202), (180, 201), (141, 196), (101, 187), (77, 174), (59, 160), (41, 137), (27, 112), (20, 98), (14, 84)
Traj: (687, 557), (675, 546), (663, 534), (640, 511), (617, 489), (598, 467), (580, 427), (558, 372), (537, 317), (508, 260), (477, 210), (442, 181), (412, 173), (378, 171), (343, 179), (308, 188), (273, 197), (235, 205), (198, 210), (170, 207), (136, 199), (104, 185), (76, 168), (49, 143), (31, 130), (23, 117)
Traj: (667, 534), (656, 524), (641, 511), (613, 479), (585, 441), (562, 401), (544, 361), (537, 323), (538, 293), (542, 270), (548, 247), (555, 224), (563, 197), (571, 169), (585, 143), (601, 118), (618, 96), (634, 77), (650, 59), (658, 51), (664, 42)
Traj: (679, 544), (665, 530), (651, 518), (622, 487), (595, 453), (570, 407), (545, 356), (525, 305), (503, 260), (480, 222), (454, 204), (422, 195), (383, 191), (349, 194), (314, 203), (286, 217), (267, 244), (256, 286), (246, 335), (238, 387), (228, 444), (216, 494), (203, 529), (196, 548), (189, 567)
Traj: (679, 551), (666, 538), (656, 526), (628, 498), (605, 471), (582, 430), (563, 387), (544, 341), (529, 296), (511, 253), (494, 231), (473, 213), (444, 200), (412, 193), (376, 193), (338, 201), (301, 219), (274, 245), (255, 281), (248, 319), (248, 355), (258, 390), (272, 423), (291, 448), (315, 468), (347, 483), (385, 490), (424, 494), (462, 499), (501, 504), (532, 511), (555, 518), (579, 526), (602, 537), (613, 542), (625, 546)
Traj: (697, 564), (688, 553), (679, 544), (660, 527), (642, 509), (625, 493), (606, 471), (589, 446), (575, 420), (565, 390), (556, 358), (553, 330), (549, 305), (544, 277), (534, 251), (519, 226), (499, 203), (475, 184), (448, 171), (419, 166), (391, 165), (364, 169), (338, 177), (313, 187), (284, 197), (251, 205), (215, 210), (178, 206), (141, 201), (111, 191), (86, 179), (65, 162), (45, 141), (31, 117), (20, 91), (14, 77), (9, 62)
Traj: (666, 540), (649, 523), (636, 509), (607, 474), (586, 442), (568, 406), (556, 372), (546, 337), (540, 308), (532, 280), (523, 256), (501, 229), (476, 207), (444, 190), (410, 179), (370, 174), (339, 181), (304, 190), (262, 198), (217, 203), (177, 202), (133, 195), (93, 179), (65, 159), (52, 149), (35, 137)
Traj: (670, 540), (660, 529), (644, 515), (617, 485), (591, 451), (568, 413), (550, 369), (542, 322), (543, 281), (549, 244), (557, 209), (566, 178), (580, 152), (596, 128), (614, 103), (624, 88), (638, 77)
Traj: (637, 504), (616, 478), (600, 450), (571, 404), (549, 355), (527, 304), (510, 265), (491, 235), (469, 209), (445, 195), (411, 189), (377, 187), (342, 193), (308, 206), (278, 223), (264, 252), (253, 285), (247, 321), (243, 359), (240, 398), (229, 441), (218, 486), (213, 509), (206, 531)
Traj: (659, 530), (643, 513), (630, 498), (595, 452), (571, 413), (554, 378), (539, 333), (522, 287), (508, 255), (490, 228), (467, 207), (443, 198), (411, 194), (365, 213), (324, 237), (289, 266), (260, 307), (247, 356), (255, 389), (268, 421), (286, 449), (321, 468), (359, 481), (401, 489), (443, 495), (483, 501), (513, 506), (540, 514), (570, 525), (584, 531), (600, 537)
Traj: (672, 542), (660, 530), (649, 518), (626, 493), (606, 470), (590, 448), (577, 423), (567, 398), (560, 373), (556, 348), (553, 325), (550, 302), (545, 281), (538, 259), (529, 238), (516, 219), (499, 201), (472, 185), (442, 174), (411, 168), (378, 166), (346, 174), (320, 185), (294, 196), (268, 205), (236, 212), (205, 211), (175, 207), (146, 201), (114, 190), (82, 165), (55, 138), (39, 124), (22, 104)
Traj: (687, 564), (677, 551), (667, 541), (643, 518), (623, 496), (602, 469), (585, 441), (570, 408), (560, 378), (551, 346), (544, 313), (535, 284), (524, 258), (511, 232), (494, 209), (465, 193), (430, 183), (394, 178), (355, 180), (312, 187), (278, 196), (246, 204), (215, 210), (183, 210), (152, 203), (113, 181), (78, 153), (56, 139), (34, 118)
Traj: (670, 535), (657, 523), (644, 512), (617, 488), (598, 468), (578, 447), (563, 423), (550, 396), (544, 366), (539, 334), (539, 298), (545, 260), (557, 218), (576, 176), (597, 137), (620, 103), (641, 74), (654, 61), (662, 53)
Traj: (681, 543), (667, 531), (654, 519), (628, 488), (601, 457), (576, 424), (558, 392), (542, 355), (532, 325), (523, 291), (513, 260), (495, 232), (470, 213), (441, 199), (405, 192), (364, 193), (325, 204), (295, 221), (271, 246), (255, 275), (248, 306), (246, 333), (244, 363), (242, 390), (239, 417), (229, 452), (218, 489), (208, 521), (201, 540), (190, 564)
Traj: (697, 569), (684, 556), (673, 543), (646, 516), (620, 485), (596, 454), (573, 422), (554, 391), (542, 353), (530, 317), (510, 278), (489, 246), (463, 218), (434, 203), (398, 191), (366, 194), (335, 198), (305, 208), (278, 226), (258, 253), (250, 287), (247, 324), (249, 361), (262, 399), (281, 433), (306, 456), (334, 473), (379, 489), (421, 496), (462, 501), (499, 507), (536, 514), (558, 521), (582, 531), (593, 535), (606, 540)
Traj: (698, 568), (688, 557), (678, 546), (656, 526), (636, 505), (616, 486), (599, 466), (584, 448), (574, 428), (566, 407), (561, 383), (557, 359), (554, 334), (552, 310), (546, 285), (537, 261), (526, 238), (508, 215), (476, 194), (443, 181), (406, 174), (369, 173), (329, 181), (292, 192), (251, 200), (210, 205), (167, 204), (130, 197), (100, 187), (76, 172), (59, 156), (43, 140), (29, 121), (20, 99), (15, 89), (10, 79)
Traj: (653, 521), (641, 511), (630, 501), (607, 464), (586, 428), (567, 386), (551, 340), (529, 285), (503, 247), (461, 214), (417, 195), (370, 185), (328, 188), (285, 197), (251, 204), (217, 207), (180, 206), (143, 201), (113, 192), (88, 181), (63, 163), (44, 140), (34, 130), (25, 116)
Traj: (644, 514), (635, 505), (626, 498), (608, 481), (591, 464), (572, 426), (558, 387), (549, 341), (549, 290), (551, 235), (563, 198), (585, 155), (595, 135), (604, 117)
Traj: (645, 506), (630, 493), (616, 477), (592, 449), (570, 420), (554, 387), (541, 352), (532, 322), (522, 286), (479, 251), (432, 227), (384, 213), (334, 206), (282, 220), (267, 247), (255, 291), (242, 352), (231, 413), (220, 472), (205, 524), (197, 552), (191, 565)
Traj: (679, 554), (668, 544), (658, 533), (638, 512), (619, 492), (603, 473), (589, 452), (574, 430), (561, 403), (551, 375), (540, 342), (531, 310), (524, 281), (518, 255), (504, 232), (484, 218), (461, 207), (433, 197), (390, 197), (348, 209), (311, 224), (277, 245), (251, 275), (242, 308), (243, 337), (247, 366), (255, 396), (267, 425), (286, 448), (325, 467), (367, 480), (410, 489), (455, 498), (497, 502), (525, 508), (554, 519), (586, 532), (601, 538), (619, 547)
Traj: (693, 562), (684, 553), (675, 544), (655, 525), (636, 507), (617, 486), (599, 465), (585, 443), (574, 420), (567, 394), (561, 370), (557, 346), (554, 321), (547, 292), (538, 266), (518, 235), (494, 209), (461, 186), (428, 174), (394, 165), (367, 167), (342, 173), (320, 183), (296, 192), (274, 201), (247, 209), (217, 212), (188, 212), (160, 206), (133, 199), (110, 191), (89, 180), (69, 164), (52, 148), (35, 126), (28, 115), (21, 102)
Traj: (685, 560), (673, 547), (662, 535), (640, 512), (618, 489), (596, 461), (579, 429), (566, 398), (552, 357), (539, 310), (526, 271), (509, 236), (481, 204), (454, 187), (423, 179), (390, 176), (350, 181), (316, 189), (281, 197), (245, 204), (203, 208), (169, 204), (136, 198), (105, 188), (79, 175), (59, 159), (41, 140), (26, 120), (19, 109), (12, 96)
Traj: (681, 550), (669, 538), (654, 524), (627, 499), (603, 475), (578, 442), (558, 408), (546, 377), (540, 341), (538, 305), (541, 279), (549, 249), (558, 211), (570, 178), (585, 146), (605, 114), (624, 88), (634, 80), (644, 71)
Traj: (674, 540), (659, 526), (648, 514), (613, 469), (586, 427), (565, 383), (544, 337), (523, 287), (508, 256), (488, 228), (466, 208), (438, 196), (408, 191), (376, 190), (340, 198), (306, 214), (280, 239), (259, 267), (244, 326), (237, 380), (229, 432), (219, 481), (208, 529), (204, 540), (199, 551)
Traj: (681, 554), (670, 544), (660, 532), (640, 513), (620, 490), (600, 466), (583, 442), (566, 418), (550, 383), (542, 351), (533, 319), (526, 286), (518, 254), (506, 233), (488, 217), (468, 206), (441, 196), (403, 193), (366, 195), (331, 200), (294, 219), (267, 252), (255, 287), (250, 327), (250, 371), (268, 410), (300, 440), (342, 464), (390, 484), (442, 497), (503, 510), (553, 525), (577, 533), (603, 543)
Traj: (689, 558), (674, 544), (660, 530), (634, 506), (611, 481), (591, 452), (575, 427), (566, 402), (559, 377), (556, 350), (553, 327), (550, 303), (545, 280), (538, 258), (527, 236), (513, 216), (497, 196), (472, 180), (441, 170), (407, 167), (368, 172), (329, 182), (288, 194), (246, 203), (203, 206), (157, 199), (112, 186), (78, 166), (49, 138), (34, 125), (26, 111)
Traj: (678, 553), (667, 540), (654, 527), (629, 501), (606, 473), (586, 445), (571, 419), (559, 386), (550, 352), (533, 306), (511, 264), (486, 223), (434, 200), (382, 187), (330, 194), (279, 201), (227, 210), (192, 209), (153, 203), (114, 185), (79, 164), (46, 135), (31, 121), (18, 102)
Traj: (694, 563), (674, 545), (657, 529), (628, 500), (599, 467), (573, 436), (556, 401), (546, 367), (542, 327), (543, 288), (548, 249), (556, 219), (567, 183), (582, 154), (599, 127), (620, 101), (631, 85), (643, 75)
Traj: (647, 509), (624, 486), (608, 459), (577, 409), (548, 352), (522, 296), (503, 252), (475, 219), (446, 200), (416, 192), (385, 189), (353, 190), (327, 195), (302, 204), (281, 224), (266, 253), (253, 290), (246, 333), (241, 379), (235, 422), (226, 465), (215, 502), (210, 520), (203, 538)
Traj: (673, 546), (658, 530), (645, 516), (618, 489), (600, 466), (582, 442), (567, 418), (554, 387), (543, 355), (533, 319), (523, 282), (511, 250), (490, 229), (458, 209), (419, 198), (376, 195), (331, 205), (294, 222), (269, 259), (257, 305), (253, 354), (264, 398), (282, 438), (305, 462), (334, 478), (366, 488), (396, 491), (431, 494), (463, 498), (494, 502), (523, 509), (560, 521), (590, 534), (605, 540), (623, 547)
Traj: (693, 563), (686, 554), (679, 545), (660, 527), (640, 507), (620, 484), (600, 461), (582, 435), (568, 408), (562, 382), (556, 358), (553, 333), (550, 310), (547, 287), (538, 262), (525, 237), (508, 214), (487, 194), (458, 177), (430, 169), (399, 164), (370, 165), (342, 171), (320, 181), (296, 190), (274, 200), (251, 210), (227, 215), (203, 216), (179, 213), (155, 208), (132, 200), (109, 191), (86, 179), (66, 166), (49, 148), (34, 128), (26, 118), (20, 106)
Traj: (684, 557), (675, 546), (665, 536), (636, 506), (611, 469), (589, 428), (565, 376), (542, 321), (525, 274), (506, 235), (482, 205), (454, 188), (422, 178), (392, 175), (361, 178), (322, 185), (286, 195), (247, 203), (205, 207), (163, 206), (129, 198), (98, 186), (71, 168), (48, 146), (31, 122), (21, 109), (12, 93)
Traj: (657, 521), (645, 510), (633, 500), (611, 477), (588, 449), (566, 420), (550, 391), (540, 358), (535, 327), (537, 299), (544, 266), (552, 232), (565, 195), (585, 156), (608, 120), (631, 86), (646, 66), (661, 51)
Traj: (665, 526), (652, 514), (640, 503), (614, 478), (591, 453), (573, 427), (558, 400), (545, 366), (534, 331), (518, 292), (496, 256), (470, 225), (438, 204), (394, 193), (351, 200), (315, 227), (282, 266), (257, 308), (245, 356), (239, 405), (232, 442), (221, 479), (216, 499), (210, 518)
Traj: (679, 552), (664, 533), (650, 518), (621, 489), (596, 460), (578, 434), (562, 412), (551, 389), (542, 360), (533, 326), (523, 290), (511, 257), (492, 229), (471, 211), (445, 200), (416, 195), (386, 190), (359, 188), (326, 196), (299, 210), (276, 231), (259, 265), (246, 303), (246, 339), (250, 376), (261, 412), (277, 439), (297, 460), (321, 476), (349, 487), (396, 495), (442, 502), (489, 509), (534, 517), (583, 532), (597, 538), (612, 545)
Traj: (689, 556), (672, 541), (657, 527), (630, 502), (606, 473), (585, 443), (572, 417), (563, 392), (558, 367), (554, 341), (551, 316), (546, 290), (539, 264), (529, 239), (511, 215), (487, 196), (460, 181), (429, 171), (397, 165), (368, 167), (341, 173), (315, 183), (293, 193), (270, 203), (245, 211), (219, 213), (188, 210), (157, 205), (122, 193), (92, 177), (62, 155), (41, 130), (28, 116), (21, 102)
Traj: (683, 551), (669, 538), (656, 526), (631, 501), (609, 475), (590, 448), (576, 419), (565, 391), (552, 353), (541, 316), (530, 281), (516, 248), (467, 219), (406, 207), (341, 204), (272, 203), (200, 204), (151, 201), (116, 191), (83, 174), (55, 153), (31, 129), (23, 118), (15, 104)
Traj: (610, 484), (601, 474), (591, 460), (574, 435), (559, 409), (548, 381), (543, 336), (545, 295), (551, 254), (558, 214), (569, 177), (577, 155), (593, 131), (609, 107), (631, 79), (644, 65), (661, 49)
Traj: (675, 540), (658, 524), (644, 511), (616, 481), (592, 456), (573, 431), (559, 405), (549, 377), (537, 342), (526, 303), (509, 265), (488, 233), (461, 207), (419, 194), (374, 195), (334, 204), (296, 223), (265, 245), (254, 272), (247, 310), (244, 349), (241, 386), (236, 424), (227, 465), (218, 494), (206, 524), (201, 538), (193, 554)
Traj: (688, 561), (676, 551), (665, 538), (639, 512), (614, 485), (592, 459), (572, 426), (554, 395), (543, 364), (536, 332), (527, 296), (515, 265), (500, 237), (476, 218), (446, 201), (411, 192), (374, 192), (333, 203), (299, 229), (271, 262), (255, 303), (247, 344), (255, 386), (270, 418), (290, 445), (313, 467), (358, 485), (401, 493), (441, 499), (482, 504), (524, 511), (554, 522), (584, 534), (600, 539), (620, 548)
Traj: (699, 571), (693, 562), (686, 554), (670, 538), (655, 523), (640, 507), (621, 488), (604, 468), (587, 444), (574, 419), (563, 388), (557, 356), (550, 324), (544, 291), (531, 256), (514, 227), (496, 204), (463, 184), (428, 172), (396, 168), (364, 171), (332, 179), (310, 189), (277, 199), (245, 206), (212, 210), (176, 208), (141, 203), (116, 194), (92, 182), (68, 163), (50, 143), (32, 122), (21, 98), (15, 86), (12, 75)
Traj: (681, 556), (670, 544), (657, 531), (635, 506), (611, 480), (593, 454), (577, 427), (565, 398), (553, 365), (547, 334), (539, 302), (528, 269), (513, 241), (496, 217), (472, 198), (445, 184), (415, 177), (386, 176), (355, 178), (323, 185), (288, 194), (254, 202), (220, 207), (188, 209), (154, 203), (121, 191), (91, 174), (62, 156), (36, 131), (25, 120), (17, 107)
Traj: (668, 536), (653, 521), (638, 507), (608, 470), (581, 427), (562, 368), (552, 313), (551, 258), (559, 213), (570, 173), (581, 149), (596, 125), (612, 104), (631, 82), (642, 72), (652, 64)
Traj: (630, 500), (608, 471), (594, 449), (563, 401), (545, 362), (530, 321), (521, 286), (500, 252), (474, 225), (446, 206), (410, 194), (372, 190), (341, 195), (310, 213), (284, 235), (267, 261), (255, 290), (249, 321), (245, 355), (240, 390), (234, 427), (227, 462), (220, 496), (210, 523), (207, 534), (201, 545)
Traj: (662, 533), (650, 519), (639, 507), (611, 479), (596, 459), (579, 431), (562, 398), (549, 359), (536, 317), (520, 275), (505, 243), (483, 221), (458, 206), (430, 197), (396, 193), (360, 194), (324, 208), (292, 228), (264, 258), (252, 302), (249, 350), (259, 389), (274, 427), (295, 458), (318, 476), (348, 486), (382, 492), (416, 496), (452, 499), (490, 504), (524, 512), (560, 525), (596, 540), (614, 548), (631, 557)
Traj: (691, 563), (682, 553), (671, 542), (648, 521), (626, 497), (604, 467), (585, 437), (570, 407), (561, 376), (555, 346), (552, 322), (548, 297), (543, 274), (526, 244), (504, 218), (475, 195), (440, 179), (400, 166), (369, 169), (336, 177), (306, 189), (275, 199), (233, 204), (190, 205), (151, 199), (111, 188), (79, 173), (61, 159), (42, 136), (33, 126), (26, 115)
Traj: (677, 553), (669, 545), (659, 535), (635, 508), (613, 479), (592, 448), (573, 411), (552, 359), (537, 313), (521, 269), (501, 228), (473, 195), (441, 182), (401, 178), (360, 180), (310, 189), (261, 198), (219, 206), (184, 208), (148, 205), (121, 198), (99, 189), (79, 177), (57, 160), (38, 138), (29, 128), (20, 114)
Traj: (665, 533), (646, 516), (625, 488), (596, 450), (569, 402), (549, 346), (544, 291), (551, 247), (560, 203), (574, 164), (590, 137), (607, 113), (626, 90), (636, 78), (647, 69)
Traj: (585, 446), (575, 426), (567, 406), (551, 369), (536, 331), (527, 301), (519, 271), (507, 244), (477, 222), (447, 204), (413, 194), (372, 190), (333, 193), (308, 200), (285, 212), (268, 233), (256, 258), (249, 285), (245, 317), (242, 353), (239, 387), (234, 420), (226, 457), (217, 491), (205, 522), (200, 536), (192, 553)
Traj: (675, 548), (663, 537), (653, 526), (626, 500), (607, 475), (586, 446), (567, 416), (548, 371), (534, 328), (520, 286), (508, 251), (490, 219), (469, 208), (446, 199), (422, 194), (390, 192), (361, 193), (332, 196), (305, 203), (280, 219), (264, 239), (252, 261), (245, 291), (245, 325), (248, 359), (256, 392), (270, 424), (294, 449), (320, 467), (352, 480), (390, 489), (427, 495), (459, 498), (492, 501), (532, 514), (569, 528), (589, 534), (612, 545)
Traj: (685, 553), (678, 543), (669, 535), (650, 517), (631, 497), (610, 473), (590, 446), (575, 415), (564, 384), (557, 353), (553, 325), (547, 296), (537, 267), (518, 236), (496, 209), (464, 186), (430, 172), (398, 165), (370, 166), (344, 171), (322, 180), (300, 191), (274, 202), (243, 209), (209, 211), (175, 208), (138, 198), (105, 184), (78, 168), (51, 143), (37, 131), (29, 119)
Traj: (695, 568), (685, 559), (676, 549), (656, 528), (634, 506), (614, 484), (597, 463), (581, 439), (569, 416), (561, 394), (556, 370), (543, 328), (524, 286), (502, 247), (476, 211), (442, 180), (411, 173), (376, 175), (339, 181), (301, 190), (264, 200), (227, 207), (185, 204), (146, 197), (105, 181), (69, 157), (45, 143), (32, 131)
Traj: (688, 554), (674, 540), (660, 527), (634, 503), (609, 477), (583, 444), (563, 411), (550, 376), (542, 333), (545, 285), (552, 244), (565, 200), (584, 158), (606, 122), (626, 91), (639, 74), (654, 60)
Traj: (662, 527), (648, 516), (638, 505), (617, 484), (595, 460), (573, 425), (556, 383), (539, 339), (514, 288), (489, 243), (462, 215), (431, 198), (397, 188), (370, 188), (339, 192), (309, 206), (284, 232), (265, 265), (250, 314), (242, 363), (235, 411), (228, 451), (219, 489), (209, 518), (203, 534), (199, 547)
Traj: (681, 551), (663, 531), (648, 515), (619, 487), (597, 460), (575, 425), (559, 395), (547, 364), (537, 329), (526, 294), (520, 268), (513, 244), (496, 224), (476, 212), (448, 200), (409, 195), (366, 198), (325, 216), (289, 246), (265, 289), (255, 338), (258, 386), (272, 425), (301, 454), (335, 474), (377, 486), (420, 494), (478, 506), (530, 520), (557, 527), (585, 536)
Traj: (687, 557), (675, 543), (663, 532), (642, 510), (622, 489), (601, 467), (586, 446), (574, 423), (566, 396), (560, 369), (556, 341), (551, 314), (546, 286), (538, 264), (528, 241), (514, 220), (497, 201), (478, 186), (455, 174), (432, 166), (408, 164), (381, 165), (355, 171), (329, 180), (295, 192), (260, 201), (227, 209), (188, 208), (150, 204), (119, 193), (91, 179), (62, 156), (50, 148), (39, 137)
Traj: (683, 557), (672, 546), (661, 533), (639, 512), (618, 488), (598, 462), (580, 424), (565, 388), (545, 333), (523, 283), (495, 234), (457, 204), (414, 180), (375, 180), (325, 186), (272, 195), (225, 200), (178, 201), (129, 195), (93, 182), (64, 160), (48, 152), (35, 140)
Traj: (640, 506), (627, 496), (615, 487), (593, 466), (577, 448), (562, 427), (551, 401), (544, 371), (541, 337), (541, 301), (545, 262), (556, 221), (568, 185), (583, 150), (601, 120), (620, 95), (638, 73), (649, 62), (658, 55)
Traj: (685, 550), (674, 540), (655, 523), (624, 491), (598, 462), (575, 427), (553, 386), (542, 350), (531, 313), (521, 275), (506, 245), (486, 222), (462, 205), (434, 195), (399, 191), (366, 190), (336, 193), (309, 199), (285, 212), (270, 239), (259, 270), (250, 309), (243, 351), (239, 391), (234, 426), (227, 459), (219, 491), (209, 519), (204, 535), (198, 549)
Traj: (655, 527), (647, 517), (638, 507), (610, 468), (584, 427), (563, 383), (542, 335), (522, 287), (511, 255), (494, 230), (472, 212), (447, 200), (421, 191), (393, 188), (353, 207), (319, 249), (294, 299), (281, 357), (279, 418), (302, 458), (330, 476), (364, 488), (400, 494), (440, 498), (477, 502), (515, 509), (547, 516), (575, 527), (600, 537), (613, 543), (627, 549)
Traj: (693, 562), (684, 551), (674, 541), (654, 520), (631, 497), (609, 470), (589, 442), (574, 413), (561, 384), (557, 356), (554, 331), (551, 308), (547, 285), (539, 261), (527, 237), (510, 214), (489, 194), (465, 178), (441, 169), (415, 164), (391, 164), (366, 167), (339, 176), (313, 186), (287, 196), (255, 204), (213, 207), (172, 202), (131, 192), (91, 174), (54, 146), (35, 117), (25, 102), (16, 82)
Traj: (678, 549), (667, 538), (656, 527), (633, 504), (611, 475), (591, 447), (575, 415), (560, 373), (535, 317), (504, 269), (468, 225), (429, 191), (381, 175), (339, 182), (296, 191), (255, 200), (211, 206), (173, 205), (137, 198), (104, 181), (70, 157), (53, 147), (36, 133)
Traj: (684, 554), (671, 540), (653, 523), (622, 492), (593, 455), (570, 419), (549, 384), (539, 354), (540, 307), (548, 265), (558, 218), (576, 172), (598, 127), (617, 100), (636, 74), (648, 64), (657, 55)
Traj: (688, 553), (680, 543), (668, 533), (650, 515), (630, 496), (606, 470), (583, 442), (567, 415), (553, 386), (542, 355), (534, 324), (525, 295), (518, 265), (503, 238), (484, 216), (464, 204), (436, 195), (388, 196), (345, 207), (307, 222), (275, 249), (252, 282), (247, 319), (243, 359), (237, 405), (230, 446), (221, 484), (212, 517), (200, 545), (195, 556), (189, 567)
Traj: (687, 562), (673, 548), (661, 534), (637, 507), (613, 477), (590, 449), (570, 416), (554, 384), (542, 351), (532, 317), (522, 280), (507, 252), (487, 229), (464, 210), (436, 198), (405, 191), (376, 190), (347, 191), (314, 204), (287, 226), (265, 257), (251, 289), (246, 334), (250, 372), (261, 406), (279, 437), (302, 464), (329, 476), (360, 486), (397, 492), (437, 497), (483, 504), (526, 513), (571, 526), (594, 534), (616, 542)
Traj: (693, 564), (679, 549), (666, 538), (644, 516), (621, 492), (599, 467), (585, 444), (573, 419), (563, 389), (557, 359), (551, 325), (540, 288), (521, 248), (500, 217), (467, 190), (433, 173), (395, 166), (365, 169), (335, 176), (304, 187), (273, 198), (242, 206), (204, 209), (166, 206), (134, 198), (103, 186), (76, 171), (58, 153), (38, 132), (30, 121), (22, 108)
Traj: (661, 536), (652, 527), (641, 515), (618, 491), (599, 464), (583, 436), (567, 402), (556, 366), (546, 326), (532, 286), (495, 246), (456, 214), (414, 194), (369, 183), (325, 183), (296, 192), (268, 200), (237, 208), (209, 211), (180, 212), (154, 207), (126, 199), (98, 185), (74, 170), (50, 153), (31, 130), (21, 120), (15, 109)
Traj: (663, 532), (646, 517), (628, 496), (601, 463), (574, 426), (555, 374), (549, 317), (554, 264), (562, 210), (576, 163), (594, 129), (613, 105), (631, 84), (649, 64), (661, 53), (669, 43)
Traj: (692, 554), (680, 541), (666, 528), (641, 503), (613, 474), (587, 441), (566, 409), (550, 376), (535, 339), (527, 305), (520, 274), (506, 245), (484, 220), (452, 204), (408, 198), (360, 201), (315, 214), (279, 243), (255, 295), (243, 350), (228, 419), (213, 484), (206, 522), (197, 547)
Traj: (691, 561), (674, 545), (659, 528), (631, 500), (604, 470), (583, 442), (567, 417), (554, 392), (545, 362), (536, 331), (526, 295), (511, 261), (493, 234), (472, 216), (445, 201), (418, 193), (393, 189), (368, 186), (333, 196), (303, 215), (276, 241), (257, 280), (245, 322), (247, 359), (255, 392), (281, 430), (309, 454), (340, 473), (382, 486), (425, 497), (457, 500), (488, 503), (521, 510), (553, 519), (582, 531), (610, 543), (626, 551), (643, 559)
Traj: (687, 556), (675, 542), (661, 529), (634, 502), (611, 474), (592, 448), (575, 422), (565, 397), (559, 372), (556, 347), (552, 323), (549, 298), (543, 275), (534, 251), (522, 229), (504, 208), (473, 191), (439, 178), (405, 171), (370, 169), (338, 175), (314, 184), (292, 195), (270, 204), (243, 211), (207, 211), (172, 207), (136, 197), (100, 183), (71, 167), (50, 145), (33, 122), (22, 98), (16, 85), (10, 69)
Traj: (665, 538), (655, 528), (644, 517), (620, 488), (599, 460), (580, 427), (562, 384), (548, 342), (535, 299), (517, 257), (496, 223), (475, 200), (445, 182), (416, 174), (390, 174), (364, 175), (334, 182), (300, 191), (263, 201), (215, 201), (166, 200), (122, 192), (87, 180), (58, 163), (43, 148), (29, 128), (22, 119), (17, 107)
Traj: (675, 543), (655, 525), (638, 510), (609, 476), (582, 444), (560, 409), (548, 372), (543, 334), (543, 299), (545, 262), (553, 229), (562, 202), (571, 174), (583, 148), (600, 124), (617, 102), (636, 77), (647, 65), (659, 54)
Traj: (674, 542), (654, 523), (633, 498), (599, 456), (569, 409), (548, 364), (530, 316), (514, 275), (493, 239), (462, 211), (414, 202), (363, 206), (320, 223), (283, 245), (254, 276), (249, 308), (245, 342), (241, 376), (234, 417), (227, 452), (218, 488), (207, 521), (202, 539), (197, 552)
Traj: (700, 571), (686, 560), (675, 550), (656, 530), (632, 505), (609, 479), (586, 442), (566, 395), (547, 349), (533, 306), (518, 262), (507, 233), (492, 218), (473, 207), (451, 199), (428, 194), (401, 190), (359, 205), (320, 226), (286, 254), (260, 290), (244, 338), (253, 374), (279, 413), (312, 447), (349, 471), (395, 488), (443, 498), (484, 504), (522, 511), (560, 521), (593, 534), (609, 541), (623, 547)
Traj: (683, 549), (672, 537), (661, 528), (638, 505), (621, 488), (604, 472), (590, 454), (579, 433), (569, 410), (563, 385), (559, 360), (555, 332), (548, 302), (537, 271), (518, 238), (495, 208), (465, 186), (433, 171), (402, 165), (376, 165), (350, 170), (330, 178), (306, 189), (275, 199), (242, 207), (205, 209), (168, 207), (134, 199), (107, 188), (83, 175), (61, 157), (42, 130), (33, 118), (24, 102)
Traj: (662, 535), (651, 523), (640, 512), (618, 487), (599, 467), (584, 440), (570, 412), (560, 383), (552, 350), (543, 318), (535, 291), (527, 265), (516, 240), (499, 218), (478, 198), (447, 184), (411, 177), (362, 179), (316, 186), (262, 194), (211, 199), (163, 200), (127, 194), (90, 178), (62, 156), (49, 148), (38, 136)
Traj: (659, 530), (639, 512), (621, 490), (587, 450), (559, 413), (548, 384), (539, 349), (538, 319), (540, 288), (547, 256), (554, 223), (563, 196), (572, 169), (587, 143), (603, 119), (622, 95), (640, 72), (653, 61), (662, 50)
Traj: (638, 506), (624, 492), (612, 477), (586, 447), (567, 419), (555, 389), (541, 354), (532, 320), (519, 282), (504, 250), (482, 222), (453, 205), (417, 194), (380, 191), (343, 194), (310, 201), (285, 213), (268, 231), (258, 255), (251, 281), (245, 319), (241, 356), (237, 398), (230, 437), (221, 477), (212, 507), (200, 537), (195, 549), (189, 562)
Traj: (687, 559), (675, 548), (663, 535), (640, 512), (617, 488), (594, 460), (574, 428), (558, 397), (545, 360), (531, 314), (516, 275), (497, 244), (472, 218), (442, 199), (404, 195), (369, 195), (334, 199), (302, 212), (274, 234), (259, 260), (247, 289), (243, 321), (244, 349), (249, 378), (259, 406), (273, 431), (310, 452), (350, 472), (396, 484), (447, 495), (500, 505), (541, 516), (580, 529), (602, 536), (623, 545)
Traj: (667, 539), (657, 528), (646, 517), (627, 497), (609, 476), (591, 457), (579, 436), (569, 416), (563, 388), (556, 357), (551, 323), (543, 289), (531, 252), (512, 222), (490, 199), (464, 181), (436, 169), (410, 165), (386, 165), (364, 167), (342, 173), (323, 183), (303, 191), (284, 200), (262, 207), (235, 211), (202, 210), (168, 205), (133, 195), (101, 182), (73, 163), (50, 140), (33, 114), (24, 100), (15, 83)
Traj: (653, 526), (643, 515), (633, 505), (612, 482), (594, 459), (578, 428), (563, 393), (551, 354), (543, 316), (528, 275), (510, 242), (478, 214), (434, 198), (387, 189), (337, 190), (283, 196), (241, 204), (204, 207), (164, 204), (127, 196), (100, 186), (71, 167), (47, 142), (35, 131), (24, 116)
Traj: (671, 540), (661, 529), (646, 516), (622, 493), (599, 468), (578, 445), (561, 420), (550, 397), (543, 373), (539, 350), (540, 318), (542, 283), (549, 248), (559, 211), (569, 174), (587, 143), (606, 116), (626, 90), (645, 66), (659, 53), (666, 43)
Traj: (612, 473), (597, 454), (585, 432), (560, 391), (542, 354), (534, 323), (524, 289), (515, 262), (501, 238), (481, 218), (457, 203), (429, 194), (392, 191), (356, 193), (322, 203), (292, 220), (269, 242), (256, 272), (247, 311), (243, 350), (239, 392), (232, 435), (222, 477), (212, 511), (206, 530), (199, 547)
Traj: (649, 520), (633, 503), (618, 484), (582, 440), (562, 408), (548, 370), (535, 331), (526, 294), (518, 264), (507, 234), (492, 220), (472, 208), (447, 200), (421, 193), (395, 189), (369, 186), (342, 187), (317, 195), (292, 209), (271, 229), (255, 253), (244, 282), (242, 310), (244, 338), (248, 366), (253, 393), (265, 418), (281, 441), (299, 461), (321, 476), (347, 487), (372, 492), (398, 493), (423, 494), (450, 496), (477, 499), (501, 502), (529, 510), (558, 519), (586, 531), (614, 544), (630, 552), (641, 559)
Traj: (692, 562), (682, 550), (670, 538), (648, 516), (627, 495), (607, 473), (589, 449), (575, 427), (565, 405), (559, 379), (555, 354), (552, 329), (548, 304), (544, 279), (535, 257), (523, 234), (507, 213), (486, 194), (460, 180), (431, 171), (400, 167), (369, 170), (340, 178), (312, 189), (286, 199), (255, 207), (223, 212), (193, 212), (162, 207), (132, 199), (109, 189), (85, 175), (64, 156), (44, 134), (33, 123), (24, 109)
Traj: (687, 560), (673, 546), (660, 533), (632, 504), (608, 474), (587, 437), (570, 401), (553, 354), (539, 309), (520, 262), (496, 228), (466, 197), (437, 183), (401, 175), (367, 176), (333, 183), (299, 191), (263, 200), (230, 206), (198, 209), (162, 205), (128, 195), (96, 180), (64, 152), (45, 139), (32, 125)
Traj: (673, 539), (656, 523), (643, 512), (615, 484), (590, 458), (571, 433), (557, 408), (545, 380), (539, 351), (537, 324), (538, 294), (544, 261), (555, 222), (567, 185), (588, 147), (609, 115), (630, 82), (641, 71), (655, 60)
Traj: (677, 537), (663, 524), (646, 510), (613, 474), (588, 441), (566, 409), (548, 373), (536, 338), (527, 306), (519, 275), (506, 248), (481, 224), (452, 206), (419, 195), (384, 191), (348, 190), (320, 198), (295, 209), (277, 225), (261, 245), (253, 268), (250, 291), (246, 325), (243, 362), (238, 403), (232, 442), (223, 481), (215, 513), (204, 540), (199, 552), (193, 565)
Traj: (690, 562), (675, 548), (661, 533), (634, 505), (609, 475), (584, 441), (565, 406), (549, 374), (538, 340), (528, 306), (519, 274), (507, 248), (490, 225), (466, 210), (439, 198), (404, 194), (364, 198), (328, 207), (295, 222), (267, 245), (250, 273), (244, 302), (242, 332), (247, 362), (254, 391), (264, 419), (282, 443), (309, 464), (340, 478), (373, 488), (408, 494), (444, 497), (474, 501), (504, 506), (534, 512), (567, 523), (595, 536), (611, 542), (625, 550)
Traj: (696, 566), (681, 550), (666, 535), (639, 509), (615, 482), (593, 452), (577, 427), (568, 403), (563, 378), (558, 353), (555, 327), (550, 301), (543, 275), (534, 251), (523, 229), (505, 207), (485, 191), (458, 178), (424, 170), (389, 167), (358, 174), (325, 183), (291, 193), (255, 202), (214, 206), (172, 203), (131, 194), (94, 177), (63, 149), (50, 138), (36, 124)
Traj: (677, 548), (667, 537), (657, 527), (631, 502), (611, 476), (592, 450), (576, 417), (561, 381), (543, 331), (521, 284), (484, 241), (440, 209), (384, 188), (331, 189), (281, 196), (237, 203), (186, 203), (140, 189), (96, 170), (55, 143), (31, 126), (17, 110)
Traj: (690, 555), (679, 545), (665, 533), (640, 511), (615, 487), (588, 450), (566, 409), (551, 366), (542, 318), (541, 273), (548, 239), (556, 209), (566, 183), (577, 157), (591, 135), (607, 114), (628, 88), (638, 76), (650, 66)
Traj: (689, 556), (669, 537), (654, 522), (625, 493), (597, 459), (574, 430), (555, 387), (537, 344), (522, 300), (507, 261), (487, 225), (456, 209), (422, 197), (384, 193), (346, 193), (309, 201), (285, 229), (266, 266), (252, 318), (239, 377), (226, 439), (213, 489), (206, 519), (198, 540)
Traj: (678, 548), (656, 526), (640, 510), (611, 477), (582, 438), (561, 402), (548, 368), (536, 327), (524, 289), (513, 257), (499, 231), (479, 212), (456, 202), (432, 195), (402, 191), (367, 192), (335, 196), (306, 206), (277, 227), (257, 254), (247, 282), (243, 312), (243, 343), (248, 370), (255, 397), (266, 423), (288, 448), (313, 469), (344, 482), (379, 490), (414, 496), (442, 498), (473, 499), (505, 505), (537, 512), (572, 524), (603, 538), (619, 546), (634, 554)
Traj: (689, 557), (682, 548), (673, 538), (654, 521), (638, 505), (619, 487), (600, 463), (583, 437), (571, 409), (559, 374), (553, 339), (545, 304), (534, 269), (514, 232), (491, 205), (462, 182), (435, 170), (407, 164), (385, 164), (361, 168), (334, 177), (303, 188), (271, 198), (235, 206), (187, 205), (143, 195), (105, 179), (70, 158), (38, 132), (29, 121), (22, 109)
Traj: (686, 557), (671, 542), (655, 527), (628, 498), (604, 469), (584, 438), (568, 405), (558, 373), (551, 344), (519, 296), (482, 254), (443, 223), (397, 198), (348, 179), (320, 186), (283, 194), (249, 202), (214, 207), (177, 205), (138, 201), (111, 191), (77, 162), (60, 151), (45, 139)
Traj: (684, 555), (668, 538), (652, 525), (621, 492), (593, 456), (569, 406), (554, 360), (547, 314), (547, 271), (552, 233), (562, 202), (571, 172), (583, 144), (598, 119), (614, 95), (621, 87), (630, 81)
Traj: (655, 523), (629, 492), (611, 467), (576, 417), (548, 370), (536, 333), (527, 302), (519, 272), (504, 245), (482, 222), (458, 207), (430, 196), (396, 191), (362, 191), (328, 205), (298, 223), (275, 249), (259, 281), (246, 324), (238, 377), (227, 433), (214, 486), (205, 520), (195, 555)
Traj: (677, 553), (669, 544), (660, 535), (639, 512), (619, 488), (599, 465), (578, 435), (559, 404), (548, 376), (537, 339), (527, 302), (518, 271), (499, 240), (474, 217), (447, 204), (409, 194), (361, 199), (322, 216), (289, 248), (264, 297), (255, 351), (263, 397), (281, 438), (303, 466), (328, 479), (355, 487), (395, 493), (432, 497), (470, 502), (506, 507), (544, 515), (571, 525), (596, 536), (620, 547), (633, 554), (644, 560)
Traj: (689, 560), (681, 549), (672, 539), (653, 520), (635, 501), (616, 482), (599, 464), (584, 442), (571, 417), (564, 393), (559, 367), (555, 340), (551, 312), (545, 287), (536, 261), (525, 238), (506, 214), (483, 195), (447, 182), (407, 174), (368, 174), (333, 182), (296, 193), (265, 203), (233, 209), (199, 209), (164, 205), (132, 198), (105, 187), (82, 172), (59, 151), (40, 124), (29, 110), (20, 93)
Traj: (688, 561), (673, 545), (660, 533), (636, 508), (611, 472), (588, 435), (572, 400), (556, 358), (542, 313), (527, 278), (506, 243), (479, 211), (452, 190), (422, 176), (394, 171), (370, 172), (340, 180), (307, 189), (272, 198), (235, 205), (195, 207), (162, 204), (129, 195), (98, 183), (71, 166), (49, 146), (36, 136), (28, 125)
Traj: (689, 557), (662, 532), (640, 508), (607, 469), (575, 427), (550, 390), (541, 361), (538, 337), (538, 313), (540, 287), (546, 261), (553, 233), (561, 202), (576, 167), (595, 137), (614, 106), (626, 88), (641, 73)
Traj: (668, 532), (651, 516), (637, 503), (606, 469), (579, 438), (563, 410), (550, 379), (535, 337), (525, 299), (502, 263), (472, 231), (437, 206), (400, 195), (356, 194), (320, 216), (291, 245), (268, 282), (251, 323), (242, 369), (234, 415), (223, 460), (217, 482), (210, 511)
Traj: (674, 546), (659, 528), (645, 515), (619, 487), (600, 464), (582, 441), (567, 417), (555, 386), (544, 353), (535, 319), (527, 284), (516, 254), (498, 233), (476, 217), (450, 205), (421, 195), (390, 190), (354, 197), (320, 208), (289, 228), (263, 255), (245, 288), (241, 317), (251, 359), (267, 398), (288, 433), (320, 462), (356, 486), (395, 493), (435, 497), (477, 501), (511, 508), (545, 515), (575, 526), (589, 532), (601, 538)
Traj: (698, 565), (687, 552), (676, 542), (654, 522), (631, 498), (611, 476), (594, 454), (578, 429), (567, 402), (560, 374), (555, 346), (550, 319), (547, 293), (542, 268), (529, 242), (510, 218), (487, 196), (460, 178), (430, 166), (397, 165), (359, 173), (320, 184), (275, 196), (230, 206), (189, 209), (155, 203), (122, 193), (93, 177), (64, 146), (52, 135), (38, 119)
Traj: (686, 559), (675, 548), (665, 538), (644, 518), (623, 497), (607, 477), (592, 457), (578, 430), (566, 401), (555, 362), (540, 315), (520, 269), (476, 233), (430, 203), (381, 191), (331, 192), (276, 197), (242, 204), (204, 207), (162, 203), (119, 191), (82, 163), (61, 150), (39, 132)
Traj: (692, 560), (679, 546), (662, 532), (635, 507), (609, 481), (585, 451), (564, 422), (551, 393), (543, 360), (538, 327), (539, 299), (543, 270), (550, 241), (559, 214), (568, 185), (582, 155), (598, 128), (615, 103), (633, 81), (650, 60), (658, 52), (664, 43)
Traj: (654, 521), (639, 507), (627, 494), (595, 460), (577, 438), (564, 410), (551, 380), (539, 346), (529, 311), (518, 274), (501, 245), (479, 220), (453, 204), (415, 193), (371, 194), (330, 205), (295, 229), (265, 265), (248, 318), (239, 371), (233, 421), (226, 462), (217, 497), (206, 523), (201, 535), (195, 547)
Traj: (691, 561), (673, 541), (656, 525), (626, 493), (595, 450), (568, 407), (550, 366), (536, 324), (524, 282), (506, 252), (486, 228), (455, 209), (420, 195), (382, 189), (352, 190), (320, 195), (296, 206), (275, 227), (259, 257), (248, 287), (245, 318), (246, 356), (255, 390), (268, 418), (285, 444), (303, 466), (330, 479), (361, 487), (393, 493), (426, 496), (467, 501), (504, 507), (537, 515), (571, 527), (604, 541), (619, 546), (631, 553)
Traj: (699, 567), (691, 558), (683, 549), (664, 532), (646, 514), (627, 494), (609, 475), (592, 453), (578, 429), (568, 403), (562, 377), (556, 351), (553, 326), (550, 301), (545, 276), (534, 251), (521, 227), (504, 204), (481, 187), (454, 174), (429, 167), (399, 164), (370, 167), (344, 172), (316, 183), (285, 194), (257, 203), (227, 210), (197, 214), (165, 209), (134, 197), (103, 182), (74, 162), (46, 136), (29, 109), (21, 96), (13, 82)
Traj: (688, 559), (678, 548), (667, 538), (645, 516), (625, 496), (606, 476), (589, 454), (575, 426), (564, 398), (554, 363), (543, 318), (525, 274), (493, 236), (454, 204), (403, 186), (353, 184), (306, 190), (269, 200), (228, 206), (193, 206), (156, 200), (120, 190), (84, 174), (58, 156), (46, 147), (35, 138)
Traj: (654, 520), (636, 506), (620, 487), (589, 451), (568, 393), (559, 336), (557, 274), (564, 215), (578, 157), (596, 126), (617, 97), (638, 70), (650, 59), (662, 49)
Traj: (661, 525), (643, 508), (629, 493), (599, 459), (574, 426), (559, 398), (547, 364), (533, 323), (518, 283), (501, 249), (474, 219), (436, 200), (396, 193), (357, 195), (318, 201), (287, 212), (269, 230), (258, 252), (250, 276), (245, 317), (240, 359), (234, 405), (226, 451), (215, 498), (210, 516), (204, 536)
Traj: (693, 564), (680, 553), (669, 541), (644, 516), (622, 491), (594, 447), (571, 396), (548, 345), (529, 296), (509, 249), (492, 224), (469, 210), (446, 200), (420, 194), (393, 190), (365, 190), (339, 193), (315, 200), (292, 213), (271, 231), (257, 250), (247, 272), (245, 308), (247, 346), (257, 386), (278, 425), (307, 460), (340, 477), (376, 489), (411, 495), (443, 495), (471, 498), (496, 502), (508, 503), (522, 505)
Traj: (680, 548), (670, 537), (659, 528), (637, 506), (616, 483), (597, 462), (582, 440), (570, 415), (562, 391), (559, 368), (555, 343), (552, 317), (548, 292), (540, 268), (532, 245), (514, 220), (491, 199), (462, 182), (431, 170), (398, 163), (372, 164), (346, 170), (320, 180), (294, 191), (267, 201), (236, 209), (195, 209), (160, 202), (126, 192), (93, 178), (66, 159), (45, 136), (31, 111), (22, 98), (15, 81)
Traj: (667, 540), (656, 527), (641, 512), (618, 487), (596, 453), (576, 417), (559, 376), (545, 333), (528, 285), (506, 245), (479, 211), (451, 188), (423, 174), (390, 173), (360, 178), (313, 186), (263, 194), (209, 198), (157, 195), (104, 182), (69, 153), (49, 138), (33, 123)
Traj: (648, 522), (630, 503), (615, 486), (587, 451), (561, 410), (551, 369), (545, 329), (545, 286), (549, 243), (560, 204), (571, 170), (590, 138), (611, 108), (632, 78), (643, 65), (657, 53)
Traj: (630, 493), (610, 469), (597, 449), (571, 412), (552, 371), (535, 333), (525, 296), (507, 261), (480, 231), (447, 210), (410, 193), (369, 189), (332, 195), (302, 215), (278, 240), (260, 275), (248, 316), (242, 358), (239, 393), (233, 430), (225, 463), (218, 492), (209, 519), (204, 534), (199, 545)
Traj: (684, 558), (671, 544), (659, 531), (630, 501), (604, 468), (581, 430), (560, 393), (544, 354), (534, 319), (526, 287), (520, 261), (501, 238), (475, 220), (446, 204), (413, 192), (377, 187), (347, 188), (321, 193), (295, 211), (271, 236), (256, 265), (248, 298), (245, 337), (250, 370), (258, 400), (269, 428), (285, 452), (310, 468), (337, 480), (366, 488), (402, 494), (440, 496), (473, 500), (513, 508), (554, 518), (588, 532), (606, 540), (626, 549)
